1
0
10
1
2
0
10
1
3
0
10
1
4
0
10
1
5
0
10
1
6
0
10
1
7
0
10
1
8
0
10
1
9
0
10
1
10
0
10
1
11
0
10
1
12
0
10
1
13
0
10
1
14
0
10
1
15
0
10
1
16
0
10
1
17
0
10
1
18
0
10
1
19
0
10
1
20
0
10
1
21
0
10
1
22
0
10
1
23
0
10
1
24
0
10
1
25
0
10
1
26
0
10
1
27
0
10
1
28
0
10
1
29
0
10
1
30
0
10
1
31
0
10
1
32
0
10
1
33
0
10
1
34
0
10
1
35
0
10
1
36
0
10
1
37
0
10
1
38
1
25
1
39
1
25
1
40
1
25
1
41
1
25
1
42
1
25
1
43
1
25
1
44
1
25
1
45
1
25
1
46
1
25
1
47
1
25
1
48
1
25
1
49
1
25
1
50
1
25
1
51
1
25
1
52
1
25
0
53
1
25
1
54
1
25
1
55
1
25
1
56
1
25
1
57
1
25
1
58
1
25
1
59
1
25
1
60
1
25
1
61
1
25
1
62
1
25
1
63
1
25
1
64
1
25
1
65
1
25
1
66
1
25
1
67
1
25
1
68
1
25
1
69
1
25
1
70
2
26
1
71
2
26
1
72
2
27
1
73
2
28
1
74
2
28
1
75
2
29
1
76
2
31
0
77
2
31
1
78
2
31
1
79
3
9
1
80
3
11
1
81
3
12
1
82
3
13
1
83
3
15
1
84
3
15
1
85
3
16
1
86
3
17
1
87
3
18
1
88
3
22
1
89
3
25
1
90
3
25
1
